m,P(m),
0,0.8784405,
1,0.08890775,
2,0.01817975,
3,0.00627475,
4,0.00294375,
5,0.00163775,
6,0.00102525,
7,6.41E-4,
8,4.4E-4,
9,3.1775E-4,
10,2.44E-4,
11,1.9475E-4,
12,1.465E-4,
13,1.0725E-4,
14,9.575E-5,
15,8.675E-5,
16,6.65E-5,
17,5.85E-5,
18,5.225E-5,
19,3.05E-5,
20,2.275E-5,
21,1.575E-5,
22,1.55E-5,
23,8.0E-6,
24,6.75E-6,
25,4.25E-6,
26,6.75E-6,
27,4.25E-6,
28,6.0E-6,
29,6.25E-6,
30,2.5E-7,
31,5.0E-7,
32,2.5E-6,
33,1.25E-6,
34,2.5E-7,
35,1.75E-6,
36,3.25E-6,
37,1.25E-6,
38,5.0E-7,
39,2.5E-7,
40,5.0E-7,
41,2.5E-7,
42,0.0,
43,0.0,
44,0.0,
45,0.0,
46,0.0,
47,0.0,
48,0.0,
49,0.0,
50,0.0,
51,0.0,
52,0.0,
53,0.0,
54,0.0,
55,0.0,
56,0.0,
57,0.0,
58,0.0,
59,0.0,
60,0.0,
61,0.0,
62,0.0,
63,0.0,
64,0.0,
65,0.0,
66,0.0,
67,0.0,
68,0.0,
69,0.0,
70,0.0,
71,0.0,
72,0.0,
73,0.0,
74,0.0,
75,0.0,
76,0.0,
77,0.0,
78,0.0,
79,0.0,
80,0.0,
81,0.0,
82,0.0,
83,0.0,
84,0.0,
85,0.0,
86,0.0,
87,0.0,
88,0.0,
89,0.0,
90,0.0,
91,0.0,
92,0.0,
93,0.0,
94,0.0,
95,0.0,
96,0.0,
97,0.0,
98,0.0,
99,0.0,
100,0.0,
101,0.0,
102,0.0,
103,0.0,
104,0.0,
105,0.0,
106,0.0,
107,0.0,
108,0.0,
109,0.0,
110,0.0,
111,0.0,
112,0.0,
113,0.0,
114,0.0,
115,0.0,
116,0.0,
117,0.0,
118,0.0,
119,0.0,
120,0.0,
121,0.0,
122,0.0,
123,0.0,
124,0.0,
125,0.0,
126,0.0,
127,0.0,
128,0.0,
129,0.0,
130,0.0,
131,0.0,
132,0.0,
133,0.0,
134,0.0,
135,0.0,
136,0.0,
137,0.0,
138,0.0,
139,0.0,
140,0.0,
141,0.0,
142,0.0,
143,0.0,
144,0.0,
145,0.0,
146,0.0,
147,0.0,
148,0.0,
149,0.0,
150,0.0,
151,0.0,
152,0.0,
153,0.0,
154,0.0,
155,0.0,
156,0.0,
157,0.0,
158,0.0,
159,0.0,
160,0.0,
161,0.0,
162,0.0,
163,0.0,
164,0.0,
165,0.0,
166,0.0,
167,0.0,
168,0.0,
169,0.0,
170,0.0,
171,0.0,
172,0.0,
173,0.0,
174,0.0,
175,0.0,
176,0.0,
177,0.0,
178,0.0,
179,0.0,
180,0.0,
181,0.0,
182,0.0,
183,0.0,
184,0.0,
185,0.0,
186,0.0,
187,0.0,
188,0.0,
189,0.0,
190,0.0,
191,0.0,
192,0.0,
193,0.0,
194,0.0,
195,0.0,
196,0.0,
197,0.0,
198,0.0,
199,0.0,
200,0.0,
